([[-6,-59,70],
[-43,41,80],
[52,28,87],
[8,-51,118],
[-36.5,-24.5,139],
[-27,38.5,149],
[26.5,51,152],
[63,6.5,158],
[-12,-37,195],
[8,48,215],
[65,-13,215],
[-14,-21,248],
[38,29.5,290],
[45,-49,310],
[-32,-17.5,334],
[26,24,379],
[26,-56,394],
[-38,-12.5,415],
[26,-4,461],
[-20,-64,485],
[-38,11,514],
[26.5,-21,552],
[-38,-46,566],
[-18,21,578],
[7.5,-26.5,627],
[-52,-7.5,649],
[-11,42,656],
[13,-9,679],
[-38,23,709],
[28,34,711],
[-2,-16,744],
[-29,31,772],
[31,37,781],
[11,-23,801],
[-26,28,836],
[41,17,848],
[-8,-17.5,867],
[-3,29,902],
[31,-12,923],
[-11,-12,950],
[10,21,986]])